340,46
340,45
340,44
340,43
340,42
340,41
340,40
340,39
340,38
340,37
340,36
340,35
66,3
14,9
65,1
65,3
0,533
250,1
250,3
10,203
10,249
10,311
10,148
10,287
10,291
10,188
10,116
11,18
11,17
11,14
11,23
9,4
9,6
8,16
8,5
8,18
8,2
8,3
12,2
12,1
12,3
253,3
253,1
249,3
249,1
241,4
241,3
241,1
210,21
210,13
210,11
210,10
210,7
210,4
210,3
210,1
194,4
194,1
193,7
193,3
193,1
186,6
186,5
186,4
186,3
20,2
186,1
20,1
182,3
20,3
182,1
181,6
181,4
181,3
181,1
169,3
169,1
168,3
168,1
166,3
166,1
164,3
164,1
148,3
148,1
146,22
146,3
146,1
143,4
143,1
142,4
142,1
141,5
141,4
141,1
140,26
140,18
140,17
140,10
140,4
140,1
139,56
139,51
139,48
139,47
139,42
139,40
139,1
139,39
57,3
57,1
56,9
56,8
56,7
56,3
56,1
19,3
19,2
19,1
14,22
14,19
14,11
14,8
13,4
11,27
11,26
11,24
11,22
11,21
11,20
11,9
11,5
11,3
11,2
11,1
10,282
10,278
10,223
10,136
10,115
10,112
10,97
10,64
10,3
10,2
10,1
9,7
9,5
9,3
9,2
18,1
9,1
18,3
8,17
14,16
8,10
14,1
8,7
14,26
14,3
13,1
8,6
13,5
8,1
13,3
8,4
3,3
3,2
3,1
0,550
0,542
0,504
0,462
0,456
2,2
2,1
2,3
0,452
0,0
340,34
340,33
340,32
340,31
340,30
340,29
340,28
340,27
340,26
340,25
340,24
340,23
340,22
340,21
340,20
340,19
340,18
340,17
340,16
340,15
340,14
340,13
340,12
340,11
340,10
340,9
340,8
340,7
340,6
340,5
340,4
340,3
340,2
340,0
0,552
0,551
0,535
0,458
0,567
