0,260
0,242
0,241
367,34
367,33
367,32
367,31
367,30
367,29
367,28
367,27
367,26
367,25
367,24
367,23
367,22
367,21
367,20
367,19
367,18
367,17
367,16
367,15
367,14
367,13
367,12
367,11
367,10
367,9
367,8
367,7
367,6
367,5
367,4
367,3
123,2
228,2
0,390
120,2
0,359
0,358
0,0
0,357
0,440
0,356
121,10
121,9
0,355
144,4
144,3
0,354
0,277
239,5
143,4
142,4
0,436
0,435
0,353
0,352
0,351
0,350
14,4
25,2
0,298
0,293
0,349
141,5
141,4
141,3
301,2
0,348
0,434
70,2
69,2
0,346
0,393
0,345
0,344
0,300
0,343
0,339
146,27
146,26
146,25
248,5
244,3
248,3
251,5
50,7
0,305
119,2
138,2
0,281
0,243
0,222
0,338
0,540
0,337
0,423
0,422
0,326
121,2
0,392
0,391
0,386
0,316
0,335
0,303
0,301
0,297
0,333
0,332
0,194
94,2
0,294
0,292
0,330
237,2
0,282
0,280
0,541
0,441
0,329
50,6
99,7
99,8
0,418
0,416
0,414
146,29
139,19
0,532
0,399
0,397
0,395
0,518
0,384
0,268
0,253
0,249
0,474
0,46
0,325
218,2
0,296
117,2
0,274
0,323
0,269
0,252
0,522
0,321
231,2
0,410
0,403
0,401
0,250
0,240
0,531
0,388
0,214
0,320
0,210
0,318
0,319
0,315
242,3
0,314
108,3
184,14
184,3
14,20
147,2
80,3
0,284
0,464
0,311
0,307
0,313
0,62
0,58
0,288
0,287
0,286
0,285
0,381
0,528
98,3
67,4
107,3
106,4
250,5
97,3
107,4
0,324
201,3
108,4
201,4
68,3
56,4
67,3
66,3
65,3
250,3
56,9
56,8
57,3
56,7
56,3
241,3
186,5
186,4
0,419
186,3
186,6
0,463
0,417
297,3
295,3
293,7
293,6
294,3
293,5
293,4
293,3
291,3
0,406
0,529
0,477
0,312
0,400
0,396
49,4
146,19
139,18
210,11
0,383
34,15
34,1
34,14
140,11
146,23
146,22
139,17
146,21
146,20
140,10
359,2
118,2
0,514
0,238
0,234
0,230
0,212
0,202
0,50
0,308
47,3
127,3
359,5
359,3
359,4
0,290
0,54
123,6
123,5
210,9
228,5
228,3
228,4
120,4
0,299
120,3
119,3
119,4
0,478
138,4
138,3
13,4
218,5
218,4
121,7
121,6
218,3
218,6
0,524
0,515
117,16
117,13
117,12
117,11
117,10
117,9
117,8
117,7
209,4
209,3
0,520
0,502
0,380
0,521
253,3
0,517
178,3
49,3
169,3
168,3
181,3
181,6
181,4
95,10
95,7
95,5
95,6
95,13
0,415
97,6
0,340
182,3
96,3
95,12
95,11
95,4
249,3
241,4
0,525
0,213
0,211
0,209
0,207
0,203
0,373
0,490
14,21
0,398
0,376
